slain	heUniqueeee/PRP/nsubj/2 slain/VBN/advcl/0 son1/NN/dobj/2	42	1806,2	1810,1	1811,1	1815,2	1818,1	1820,1	1822,1	1824,1	1825,1	1826,2	1829,1	1832,1	1850,1	1854,1	1859,1	1862,1	1867,2	1869,2	1872,1	1874,1	1885,1	1889,1	1891,3	1894,1	1908,1	1915,1	1916,1	1921,1	1922,2	1923,1	1960,1	1961,1	1963,1	1973,1
slain	heUniqueeee/PRP/nsubj/2 slain/VBN/advcl/0 son2/NN/dobj/2	42	1806,2	1810,1	1811,1	1815,2	1818,1	1820,1	1822,1	1824,1	1825,1	1826,2	1829,1	1832,1	1850,1	1854,1	1859,1	1862,1	1867,2	1869,2	1872,1	1874,1	1885,1	1889,1	1891,3	1894,1	1908,1	1915,1	1916,1	1921,1	1922,2	1923,1	1960,1	1961,1	1963,1	1973,1
slain	heUniqueeee/PRP/nsubj/2 slain/VBN/advcl/0 son3/NN/dobj/2	42	1806,2	1810,1	1811,1	1815,2	1818,1	1820,1	1822,1	1824,1	1825,1	1826,2	1829,1	1832,1	1850,1	1854,1	1859,1	1862,1	1867,2	1869,2	1872,1	1874,1	1885,1	1889,1	1891,3	1894,1	1908,1	1915,1	1916,1	1921,1	1922,2	1923,1	1960,1	1961,1	1963,1	1973,1
slain	heUniqueeee/PRP/nsubj/2 slain/VBN/advcl/0 son4/NN/dobj/2	42	1806,2	1810,1	1811,1	1815,2	1818,1	1820,1	1822,1	1824,1	1825,1	1826,2	1829,1	1832,1	1850,1	1854,1	1859,1	1862,1	1867,2	1869,2	1872,1	1874,1	1885,1	1889,1	1891,3	1894,1	1908,1	1915,1	1916,1	1921,1	1922,2	1923,1	1960,1	1961,1	1963,1	1973,1
slain	heUniqueeee/PRP/nsubj/2 slain/VBN/advcl/0 son5/NN/dobj/2	42	1806,2	1810,1	1811,1	1815,2	1818,1	1820,1	1822,1	1824,1	1825,1	1826,2	1829,1	1832,1	1850,1	1854,1	1859,1	1862,1	1867,2	1869,2	1872,1	1874,1	1885,1	1889,1	1891,3	1894,1	1908,1	1915,1	1916,1	1921,1	1922,2	1923,1	1960,1	1961,1	1963,1	1973,1
slain	heUniqueeee/PRP/nsubj/2 slain/VBN/advcl/0 son6/NN/dobj/2	42	1806,2	1810,1	1811,1	1815,2	1818,1	1820,1	1822,1	1824,1	1825,1	1826,2	1829,1	1832,1	1850,1	1854,1	1859,1	1862,1	1867,2	1869,2	1872,1	1874,1	1885,1	1889,1	1891,3	1894,1	1908,1	1915,1	1916,1	1921,1	1922,2	1923,1	1960,1	1961,1	1963,1	1973,1
slain	heUniqueeee/PRP/nsubj/2 slain/VBN/advcl/0 son7/NN/dobj/2	42	1806,2	1810,1	1811,1	1815,2	1818,1	1820,1	1822,1	1824,1	1825,1	1826,2	1829,1	1832,1	1850,1	1854,1	1859,1	1862,1	1867,2	1869,2	1872,1	1874,1	1885,1	1889,1	1891,3	1894,1	1908,1	1915,1	1916,1	1921,1	1922,2	1923,1	1960,1	1961,1	1963,1	1973,1
slain	heUniqueeee/PRP/nsubj/2 slain/VBN/advcl/0 son8/NN/dobj/2	42	1806,2	1810,1	1811,1	1815,2	1818,1	1820,1	1822,1	1824,1	1825,1	1826,2	1829,1	1832,1	1850,1	1854,1	1859,1	1862,1	1867,2	1869,2	1872,1	1874,1	1885,1	1889,1	1891,3	1894,1	1908,1	1915,1	1916,1	1921,1	1922,2	1923,1	1960,1	1961,1	1963,1	1973,1
slain2	heUniqueeee/PRP/nsubj/2 slain2/VBN/advcl/0 son1/NN/dobj/2	42	1806,2	1810,1	1811,1	1815,2	1818,1	1820,1	1822,1	1824,1	1825,1	1826,2	1829,1	1832,1	1850,1	1854,1	1859,1	1862,1	1867,2	1869,2	1872,1	1874,1	1885,1	1889,1	1891,3	1894,1	1908,1	1915,1	1916,1	1921,1	1922,2	1923,1	1960,1	1961,1	1963,1	1973,1
slain2	heUniqueeee/PRP/nsubj/2 slain2/VBN/advcl/0 son2/NN/dobj/2	42	1806,2	1810,1	1811,1	1815,2	1818,1	1820,1	1822,1	1824,1	1825,1	1826,2	1829,1	1832,1	1850,1	1854,1	1859,1	1862,1	1867,2	1869,2	1872,1	1874,1	1885,1	1889,1	1891,3	1894,1	1908,1	1915,1	1916,1	1921,1	1922,2	1923,1	1960,1	1961,1	1963,1	1973,1
slain2	heUniqueeee/PRP/nsubj/2 slain2/VBN/advcl/0 son3/NN/dobj/2	42	1806,2	1810,1	1811,1	1815,2	1818,1	1820,1	1822,1	1824,1	1825,1	1826,2	1829,1	1832,1	1850,1	1854,1	1859,1	1862,1	1867,2	1869,2	1872,1	1874,1	1885,1	1889,1	1891,3	1894,1	1908,1	1915,1	1916,1	1921,1	1922,2	1923,1	1960,1	1961,1	1963,1	1973,1
slain2	heUniqueeee/PRP/nsubj/2 slain2/VBN/advcl/0 son4/NN/dobj/2	42	1806,2	1810,1	1811,1	1815,2	1818,1	1820,1	1822,1	1824,1	1825,1	1826,2	1829,1	1832,1	1850,1	1854,1	1859,1	1862,1	1867,2	1869,2	1872,1	1874,1	1885,1	1889,1	1891,3	1894,1	1908,1	1915,1	1916,1	1921,1	1922,2	1923,1	1960,1	1961,1	1963,1	1973,1
slain2	heUniqueeee/PRP/nsubj/2 slain2/VBN/advcl/0 son5/NN/dobj/2	42	1806,2	1810,1	1811,1	1815,2	1818,1	1820,1	1822,1	1824,1	1825,1	1826,2	1829,1	1832,1	1850,1	1854,1	1859,1	1862,1	1867,2	1869,2	1872,1	1874,1	1885,1	1889,1	1891,3	1894,1	1908,1	1915,1	1916,1	1921,1	1922,2	1923,1	1960,1	1961,1	1963,1	1973,1
slain2	heUniqueeee/PRP/nsubj/2 slain2/VBN/advcl/0 son6/NN/dobj/2	42	1806,2	1810,1	1811,1	1815,2	1818,1	1820,1	1822,1	1824,1	1825,1	1826,2	1829,1	1832,1	1850,1	1854,1	1859,1	1862,1	1867,2	1869,2	1872,1	1874,1	1885,1	1889,1	1891,3	1894,1	1908,1	1915,1	1916,1	1921,1	1922,2	1923,1	1960,1	1961,1	1963,1	1973,1
slain2	heUniqueeee2/PRP/nsubj/2 slain2/VBN/advcl/0 son7/NN/dobj/2	42	1806,2	1810,1	1811,1	1815,2	1818,1	1820,1	1822,1	1824,1	1825,1	1826,2	1829,1	1832,1	1850,1	1854,1	1859,1	1862,1	1867,2	1869,2	1872,1	1874,1	1885,1	1889,1	1891,3	1894,1	1908,1	1915,1	1916,1	1921,1	1922,2	1923,1	1960,1	1961,1	1963,1	1973,1
slain2	heUniqueeee/PRP/nsubj/2 slain2/VBN/advcl/0 son9/NN/dobj/2	42	1806,2	1810,1	1811,1	1815,2	1818,1	1820,1	1822,1	1824,1	1825,1	1826,2	1829,1	1832,1	1850,1	1854,1	1859,1	1862,1	1867,2	1869,2	1872,1	1874,1	1885,1	1889,1	1891,3	1894,1	1908,1	1915,1	1916,1	1921,1	1922,2	1923,1	1960,1	1961,1	1963,1	1973,1
slain3	heUniqueeee/PRP/nsubj/2 slain3/VBN/advcl/0 son1/NN/dobj/2	42	1806,2	1810,1	1811,1	1815,2	1818,1	1820,1	1822,1	1824,1	1825,1	1826,2	1829,1	1832,1	1850,1	1854,1	1859,1	1862,1	1867,2	1869,2	1872,1	1874,1	1885,1	1889,1	1891,3	1894,1	1908,1	1915,1	1916,1	1921,1	1922,2	1923,1	1960,1	1961,1	1963,1	1973,1
slain3	heUniqueeee/PRP/nsubj/2 slain3/VBN/advcl/0 son2/NN/dobj/2	42	1806,2	1810,1	1811,1	1815,2	1818,1	1820,1	1822,1	1824,1	1825,1	1826,2	1829,1	1832,1	1850,1	1854,1	1859,1	1862,1	1867,2	1869,2	1872,1	1874,1	1885,1	1889,1	1891,3	1894,1	1908,1	1915,1	1916,1	1921,1	1922,2	1923,1	1960,1	1961,1	1963,1	1973,1
slain3	heUniqueeee/PRP/nsubj/2 slain3/VBN/advcl/0 son3/NN/dobj/2	42	1806,2	1810,1	1811,1	1815,2	1818,1	1820,1	1822,1	1824,1	1825,1	1826,2	1829,1	1832,1	1850,1	1854,1	1859,1	1862,1	1867,2	1869,2	1872,1	1874,1	1885,1	1889,1	1891,3	1894,1	1908,1	1915,1	1916,1	1921,1	1922,2	1923,1	1960,1	1961,1	1963,1	1973,1
slain3	heUniqueeee/PRP/nsubj/2 slain3/VBN/advcl/0 son4/NN/dobj/2	42	1806,2	1810,1	1811,1	1815,2	1818,1	1820,1	1822,1	1824,1	1825,1	1826,2	1829,1	1832,1	1850,1	1854,1	1859,1	1862,1	1867,2	1869,2	1872,1	1874,1	1885,1	1889,1	1891,3	1894,1	1908,1	1915,1	1916,1	1921,1	1922,2	1923,1	1960,1	1961,1	1963,1	1973,1
slain3	heUniqueeee/PRP/nsubj/2 slain3/VBN/advcl/0 son5/NN/dobj/2	42	1806,2	1810,1	1811,1	1815,2	1818,1	1820,1	1822,1	1824,1	1825,1	1826,2	1829,1	1832,1	1850,1	1854,1	1859,1	1862,1	1867,2	1869,2	1872,1	1874,1	1885,1	1889,1	1891,3	1894,1	1908,1	1915,1	1916,1	1921,1	1922,2	1923,1	1960,1	1961,1	1963,1	1973,1
slain3	heUniqueeee/PRP/nsubj/2 slain3/VBN/advcl/0 son6/NN/dobj/2	42	1806,2	1810,1	1811,1	1815,2	1818,1	1820,1	1822,1	1824,1	1825,1	1826,2	1829,1	1832,1	1850,1	1854,1	1859,1	1862,1	1867,2	1869,2	1872,1	1874,1	1885,1	1889,1	1891,3	1894,1	1908,1	1915,1	1916,1	1921,1	1922,2	1923,1	1960,1	1961,1	1963,1	1973,1
slain3	heUniqueeee3/PRP/nsubj/2 slain3/VBN/advcl/0 son7/NN/dobj/2	42	1806,2	1810,1	1811,1	1815,2	1818,1	1820,1	1822,1	1824,1	1825,1	1826,2	1829,1	1832,1	1850,1	1854,1	1859,1	1862,1	1867,2	1869,2	1872,1	1874,1	1885,1	1889,1	1891,3	1894,1	1908,1	1915,1	1916,1	1921,1	1922,2	1923,1	1960,1	1961,1	1963,1	1973,1
slain3	heUniqueeee/PRP/nsubj/2 slain3/VBN/advcl/0 son10/NN/dobj/2	42	1806,2	1810,1	1811,1	1815,2	1818,1	1820,1	1822,1	1824,1	1825,1	1826,2	1829,1	1832,1	1850,1	1854,1	1859,1	1862,1	1867,2	1869,2	1872,1	1874,1	1885,1	1889,1	1891,3	1894,1	1908,1	1915,1	1916,1	1921,1	1922,2	1923,1	1960,1	1961,1	1963,1	1973,1