slabs	slabs/NNS/dobj/0 of/IN/prep/1 uniform/JJ/amod/4 thickness/NN/pobj/2	13	1913,2	1939,2	1948,1	1949,3	1966,1	1973,1	1977,1	1983,1	1984,1
sky	balmy/JJ/amod/3 summer/NN/nn/3 sky/NN/pobj/0	14	1835,2	1839,1	1841,2	1849,1	1851,2	1919,1	1923,1	1980,1	1983,1	2004,1	2006,1
slants	seen/VBN/ccomp/3 it/PRP/nsubj/3 slants/VBZ/ROOT/0	10	1909,1	1911,3	1912,1	1918,1	1920,2	1922,1	1930,1
slain	slain/VBN/ROOT/0 with/IN/prep/1 sword/NN/pobj/2 with/IN/prep/1 captivity/NN/pobj/4	13	1845,3	1850,1	1856,1	1875,1	1882,1	1900,1	1907,2	1909,1	1918,1	1984,1
slammed	slammed/VBD/ROOT/0 and/CC/cc/1 was/VBD/conj/1 silent/JJ/acomp/3	24	1855,1	1897,1	1909,1	1924,3	1927,1	1933,1	1934,2	1959,1	1966,1	1967,1	1971,1	1975,2	1977,1	1983,1	1991,1	1992,2	1999,1	2005,2
sky	grey/JJ/amod/3 morning/NN/nn/3 sky/NN/pobj/0	46	1824,3	1831,1	1874,4	1877,3	1880,2	1900,1	1902,1	1911,1	1919,2	1922,3	1923,1	1926,1	1927,3	1933,2	1940,2	1945,2	1951,1	1953,1	1954,1	1960,2	1969,1	1978,1	1984,1	1995,1	1998,1	2002,1	2004,1	2005,1	2007,1
slacken	but/CC/cc/3 strength/NN/nsubj/3 slacken/VB/ROOT/0	18	1851,1	1856,1	1857,2	1864,1	1866,1	1878,1	1884,2	1891,2	1896,1	1901,1	1904,1	1907,1	1910,1	2006,1	2008,1
sky	sky/NN/conj/0 with/IN/prep/1 just/RB/advmod/4 star/NN/pobj/2	18	1895,1	1897,1	1899,5	1900,2	1905,2	1907,2	1911,2	1918,1	1923,2
slackened	fire/NN/nsubj/4 on/IN/prep/1 side/NN/pobj/2 slackened/VBD/ROOT/0	18	1862,5	1864,2	1866,2	1867,4	1868,4	1995,1
skull	skull/NN/pobj/0 which/WDT/ref/3 preserved/VBN/rcmod/1	33	1856,1	1862,2	1872,2	1875,2	1877,3	1887,4	1902,4	1905,1	1931,3	1932,4	1935,1	1947,2	1953,1	1957,1	1973,1	1992,1
skull	skull/NNP/ROOT/0 diffusion/NNP/dep/1 of/IN/prep/2 man/NNP/pobj/3	10	1896,6	1901,2	1916,2
slain	slain/VBN/ccomp/0 by/IN/prep/1 angels/NNS/pobj/2 as/IN/prep/1	10	1814,1	1842,1	1848,1	1849,1	1854,1	1855,1	1857,1	1859,3
slammed	he/PRP/nsubj/2 slammed/VBD/ROOT/0 and/CC/cc/2 left/VBN/conj/2	10	1859,1	1893,2	1922,1	1925,1	1982,1	1986,1	2003,1	2005,1	2006,1
skirts	skirts/NNS/pobj/0 that/WDT/ref/3 clung/VBD/rcmod/1	10	1926,1	1930,3	1946,1	1950,1	1954,1	1968,1	1998,1	2002,1
sky	sky/NN/conj/0 seen/VBN/partmod/1 through/IN/prep/2 gallery/NN/pobj/3	11	1873,7	1877,4
sky	grey/JJ/amod/2 sky/NN/ROOT/0 slumber/VBP/appos/2	20	1871,3	1872,2	1874,2	1877,1	1883,4	1890,2	1891,2	1897,2	1904,1	1965,1
slashed	later/RB/advmod/3 top/JJ/dep/3 slashed/VBN/ccomp/0	13	1898,3	1921,1	1925,1	1936,1	1937,4	2004,2	2008,1
sky	cold/JJ/amod/3 grey/JJ/amod/3 sky/NN/pobj/0	276	1839,3	1841,2	1845,7	1848,2	1849,2	1850,3	1852,1	1853,3	1854,1	1858,5	1859,1	1861,3	1862,1	1863,1	1865,5	1866,1	1867,2	1868,1	1869,3	1870,2	1872,2	1873,3	1874,13	1875,1	1876,17	1877,2	1878,4	1879,1	1880,3	1881,1	1882,4	1883,4	1884,1	1885,4	1886,4	1887,6	1888,2	1889,2	1890,1	1891,4	1892,2	1893,5	1894,2	1895,3	1897,3	1898,2	1899,2	1902,5	1903,3	1904,4	1905,2	1906,1	1907,3	1908,1	1910,3	1911,1	1912,2	1913,1	1914,1	1915,1	1916,1	1917,6	1918,3	1919,2	1920,1	1921,3	1922,1	1923,5	1924,2	1925,6	1926,1	1927,1	1929,4	1931,1	1932,1	1934,3	1935,3	1936,1	1937,4	1938,1	1939,2	1940,2	1942,3	1945,3	1948,3	1950,3	1951,2	1955,2	1958,2	1959,1	1961,1	1966,1	1968,1	1969,1	1975,1	1977,1	1981,2	1982,1	1983,2	1987,2	1988,1	1990,1	1995,1	1996,1	1998,1	2002,3	2003,1	2004,1	2006,1	2007,3	2008,1
slammed	carriage/NN/nn/2 doors/NNS/nsubj/3 slammed/VBD/ROOT/0	14	1893,2	1909,1	1911,3	1916,3	1927,1	1935,1	1946,1	2003,2
skull	man/NN/nn/3 s/POS/dep/1 skull/NN/pobj/0	37	1853,2	1858,1	1873,3	1876,4	1882,3	1883,1	1885,2	1892,2	1899,1	1902,1	1924,2	1937,2	1944,1	1946,1	1950,1	1958,1	1959,2	1974,1	1976,2	1991,1	2006,2	2008,1
slain	sons/NNS/nsubjpass/2 slain/VBN/ROOT/0 by/IN/prep/2 philistines/NNPS/pobj/3	17	1810,1	1833,1	1846,1	1848,1	1851,1	1852,1	1857,2	1860,1	1863,1	1867,1	1869,1	1872,1	1880,1	1881,2	1898,1
sky	sky/NN/dobj/0 tenant/NN/appos/1 bird/NN/dep/2	16	1872,1	1873,1	1875,1	1877,1	1886,2	1892,4	1896,1	1897,1	1902,2	1915,1	1947,1
slacken	slacken/VB/ROOT/0 speed/NN/dobj/1 or/CC/cc/2 stop/NN/conj/2	25	1875,1	1881,2	1885,4	1889,1	1891,2	1892,2	1895,1	1896,2	1897,1	1900,1	1901,1	1908,1	1911,1	1921,3	1922,1	1953,1
slaked	lime/NN/nsubjpass/2 slaked/VBN/ROOT/0 screened/VBD/conj/2 and/CC/cc/2	11	1889,6	1899,2	1901,1	1905,1	1909,1
sky	western/JJ/amod/2 sky/NN/pobj/0 was/VBD/rcmod/2	31	1860,6	1862,2	1871,1	1872,1	1887,2	1899,1	1900,1	1904,3	1905,1	1912,1	1920,2	1924,1	1942,1	1947,1	1958,1	1959,1	1960,1	1984,1	1988,1	1996,1	2006,1
skynner	chief/NNP/nn/3 baron/NNP/nn/3 skynner/NNP/nsubj/0	30	1806,1	1809,1	1819,1	1824,1	1835,1	1859,1	1864,5	1873,1	1886,1	1894,2	1895,1	1913,1	1921,1	1922,1	1928,1	1931,1	1932,2	1933,1	1937,1	1941,1	1946,1	1949,1	1952,1	1987,1
slain	from/IN/ref/3 which/WDT/pobj/1 slain/VBN/rcmod/0	33	1831,3	1837,1	1838,3	1839,2	1840,1	1842,2	1844,2	1848,2	1850,1	1851,2	1856,1	1857,1	1858,1	1859,2	1868,2	1896,1	1906,3	1929,1	1933,1	1999,1
sky	pure/JJ/amod/3 bright/JJ/amod/3 sky/NN/nsubj/0	12	1827,1	1829,1	1866,1	1885,1	1919,2	1923,1	1943,2	1962,1	1973,2
sky	whole/JJ/amod/2 sky/NN/dobj/0 full/JJ/amod/2	40	1886,12	1887,3	1889,2	1893,3	1897,3	1901,1	1925,1	1926,1	1927,1	1931,2	1935,1	1954,1	1957,2	1962,2	1979,1	1984,1	1991,1	1999,1	2001,1
skull	skull/NN/pobj/0 and/CC/cc/1 mandible/NN/conj/1 at/IN/prep/1 piltdown/NNP/pobj/4	11	1915,2	1916,4	1921,1	1925,1	1938,1	1945,1	1971,1
sky	sky/NN/pobj/0 whose/WP$/rcmod/1 floating/VBG/amod/2	15	1871,1	1903,1	1904,1	1905,2	1906,1	1910,1	1923,1	1927,1	1934,1	1938,2	1947,1	1957,1	1988,1
slain	slain/VBN/ROOT/0 in/IN/prep/1 battle/NN/pobj/2 with/IN/prep/3 barbarians/NNS/pobj/4	13	1872,4	1883,1	1884,4	1885,1	1893,1	1898,2
slamming	such/JJ/amod/2 slamming/NN/ROOT/0 at/IN/prep/2 theatre/NN/pobj/3	39	1820,2	1824,6	1830,1	1834,1	1835,7	1839,1	1857,1	1860,2	1864,1	1869,3	1871,2	1880,1	1881,1	1882,2	1885,1	1886,1	1887,2	1897,4
slain	slain/VBN/ROOT/0 trampled/VBD/parataxis/1 to/TO/prep/2 death/NN/pobj/3	17	1830,1	1863,1	1864,3	1866,2	1870,3	1871,1	1875,2	1881,1	1883,2	1893,1
skythen	beitrage/FW/dep/3 aus/FW/dep/3 skythen/NNP/ROOT/0	15	1939,15
sky	sky/NN/nsubj/0 soil/NN/appos/1 and/CC/cc/1 stars/NNS/conj/1	18	1903,1	1906,1	1913,1	1919,1	1920,3	1923,2	1925,1	1928,1	1933,3	1942,1	1954,1	1973,1	1977,1
slates	slates/NNS/dobj/0 of/IN/prep/1 course/NN/pobj/2 below/RB/advmod/3	11	1853,1	1854,2	1855,1	1860,2	1865,2	1890,1	1908,2
slain	you/PRP/nsubj/2 slain/VBG/ROOT/0 according/VBG/prep/2	24	1872,5	1873,2	1882,1	1883,9	1884,2	1886,1	1889,1	1891,1	1904,1	1913,1
slake	slake/VB/infmod/0 thirst/NN/dobj/1 by/IN/prep/1 exposing/VBG/pcomp/3	18	1844,1	1845,1	1851,1	1852,1	1861,2	1864,1	1872,1	1873,1	1878,1	1880,1	1884,2	1891,1	1892,2	1896,1	1912,1
skrifter	og/FW/nn/2 folkevandringstid/FW/dep/3 skrifter/VBP/ROOT/0	10	1999,10
sky	sky/NN/pobj/0 beautiful/JJ/amod/1 as/IN/prep/2	14	1825,1	1839,2	1844,1	1895,3	1896,1	1903,1	1923,3	1930,2
slammed	slammed/VBD/ROOT/0 and/CC/cc/1 looked/VBD/conj/1 at/IN/prep/3 me/PRP/pobj/4	12	1939,1	1955,1	1965,1	1978,1	1982,1	1985,1	1999,1	2003,2	2004,1	2007,2
slabs	slabs/NNS/pobj/0 of/IN/prep/1 plaster/NN/pobj/2 of/IN/prep/3 paris/NNP/pobj/4	30	1859,3	1860,2	1869,1	1874,4	1875,1	1876,3	1889,4	1894,3	1898,4	1899,1	1940,2	1941,1	1964,1
slain	who/WP/ref/2 slain/VBN/rcmod/0 by/IN/prep/2 men/NNS/pobj/3	52	1823,3	1840,1	1848,2	1857,4	1870,1	1883,7	1887,2	1888,1	1891,5	1892,4	1893,1	1895,1	1897,3	1902,8	1919,1	1920,1	1932,1	1936,1	1942,1	1964,1	1991,1	2005,1	2007,1
sl	sl/NNP/ROOT/0 myers/NNP/nn/3 er/NNP/conj/1	10	1996,2	1997,1	1998,2	1999,1	2002,3	2006,1
slab	slab/NN/nsubjpass/0 of/IN/prep/1 precious/JJ/amod/4 kind/NN/pobj/2	26	1823,2	1836,3	1838,3	1842,1	1854,2	1856,1	1866,1	1868,1	1881,1	1883,1	1885,1	1889,1	1891,4	1892,1	1894,1	1895,1	2004,1
slammed	slammed/VBD/conj/0 it/PRP/dobj/1 violently/RB/advmod/1	34	1826,1	1834,4	1836,2	1845,2	1865,1	1873,1	1874,1	1880,1	1889,1	1890,4	1905,1	1908,1	1910,2	1923,1	1924,2	1934,1	1953,1	1959,1	1967,2	1977,1	1983,1	1994,1	2005,1
slain	all/PDT/predet/2 men/NNS/nsubjpass/3 slain/VBN/ROOT/0	115	1808,1	1823,1	1827,3	1829,2	1832,2	1836,2	1837,1	1838,1	1839,1	1841,1	1842,1	1843,1	1849,1	1850,2	1852,1	1855,1	1856,1	1857,1	1858,1	1859,2	1861,2	1862,2	1863,1	1864,3	1866,1	1870,4	1871,2	1875,2	1879,1	1880,1	1881,1	1884,1	1885,10	1886,8	1887,3	1889,1	1890,1	1893,2	1896,4	1897,1	1899,1	1900,1	1902,5	1903,2	1906,4	1910,1	1911,1	1913,2	1914,1	1915,1	1916,1	1917,1	1921,1	1923,2	1937,1	1942,1	1946,1	1948,1	1953,1	1958,1	1961,2	1968,1	2001,1	2007,2	2008,1
slashed	when/WRB/compl/3 he/PRP/nsubj/3 slashed/VBD/ccomp/0	38	1825,1	1844,1	1848,1	1879,1	1912,4	1917,2	1919,1	1929,2	1940,1	1945,2	1951,1	1953,5	1954,1	1962,1	1963,1	1970,1	1971,1	1975,1	1981,1	1985,1	1990,1	1992,1	1995,1	1997,1	2001,1	2002,1	2005,1	2006,1
slapped	slapped/VBD/ROOT/0 him/PRP/dobj/1 on/IN/prep/1 cheek/NN/pobj/3	85	1828,1	1873,1	1884,2	1907,1	1911,1	1920,1	1932,2	1933,4	1934,1	1936,1	1941,1	1943,2	1944,1	1945,9	1946,3	1947,1	1948,1	1949,2	1950,2	1951,1	1952,1	1956,3	1961,1	1962,1	1964,2	1967,1	1973,2	1974,2	1976,1	1978,3	1979,2	1980,1	1981,1	1982,2	1983,1	1985,2	1986,1	1987,1	1988,1	1991,2	1992,1	1993,2	1994,1	1998,1	1999,2	2001,2	2002,2	2003,1	2004,1	2006,2	2008,1
slander	he/PRP/nsubj/2 slander/VB/ROOT/0 me/PRP/dobj/2	14	1858,1	1886,1	1910,1	1912,1	1913,1	1932,1	1947,1	1950,1	1952,1	1957,1	1965,1	1969,1	2002,2
slain	where/WRB/ref/2 slain/VBN/rcmod/0 by/IN/prep/2 indians/NNPS/pobj/3	31	1669,1	1811,2	1836,2	1840,3	1849,1	1850,1	1855,3	1867,1	1874,1	1882,1	1883,2	1888,1	1905,3	1908,1	1911,1	1912,1	1916,2	1939,1	1969,1	1981,1	1987,1
sky	sky/NN/pobj/0 or/CC/cc/1 other/JJ/amod/4 aspect/NN/conj/1	11	1885,4	1897,1	1898,1	1899,1	1930,2	1967,1	1988,1
slash	slash/VB/infmod/0 and/CC/cc/1 reduced/VBN/conj/1 to/TO/prep/3 still/JJ/pobj/4	10	1867,3	1868,3	1873,3	1967,1
slacken	slacken/VB/xcomp/0 pace/NN/dobj/1 cause/NN/appos/2	54	1816,2	1817,1	1819,1	1820,2	1829,3	1831,2	1832,1	1834,3	1836,1	1838,2	1839,1	1842,2	1843,2	1846,1	1852,3	1855,1	1860,1	1864,2	1870,2	1871,2	1877,1	1880,1	1886,2	1890,1	1893,2	1896,1	1898,2	1899,1	1901,3	1912,3	1923,1	1933,1
sky	sky/NN/pobj/0 like/IN/prep/1 thunder/NN/dep/4 heads/NNS/pobj/2	10	1901,1	1904,7	1905,1	1923,1
slammed	slammed/VBD/ROOT/0 receiver/NN/dobj/1 onto/IN/prep/1 hook/NN/pobj/3	11	1932,1	1947,1	1948,1	1953,1	1954,2	1963,2	1978,1	1987,1	1998,1
sky	star/JJ/dep/2 lighted/JJ/dep/3 sky/NN/pobj/0	32	1853,1	1856,1	1874,2	1877,1	1881,2	1883,1	1885,2	1886,1	1887,1	1888,1	1895,2	1905,6	1914,1	1919,2	1926,3	1953,1	1954,1	1969,2	1994,1
slandereth	whoso/UH/dep/3 privily/RB/advmod/3 slandereth/VBD/dep/0	15	1804,2	1822,1	1823,1	1831,1	1834,2	1841,1	1844,1	1846,1	1862,2	1887,1	1928,1	1996,1
slate	rock/NN/nn/3 hornblende/NN/nn/3 slate/NN/pobj/0	12	1868,3	1878,4	1891,5
slacken	slacken/VB/xcomp/0 preparations/NNS/dobj/1 made/VBN/rcmod/2	11	1860,3	1862,3	1866,2	1876,1	1905,2
slabs	slabs/NNS/pobj/0 1/CD/num/1 and/CC/cc/2 2/CD/conj/2	19	1849,10	1850,3	1851,1	1854,3	1993,1	2007,1
sky	sky/NN/pobj/0 of/IN/prep/1 greece/NNP/pobj/2 like/IN/prep/1 fabric/NN/pobj/4	13	1835,2	1836,1	1842,2	1844,1	1846,1	1853,6
slang	slang/VB/infmod/0 to/TO/prep/1 inelegances/NNS/pobj/2 vulgarities/NNS/dobj/1	16	1870,3	1871,1	1872,1	1876,2	1880,1	1881,1	1882,2	1883,1	1886,1	1890,1	1899,1	1927,1
slaked	quantity/NN/nsubjpass/4 of/IN/prep/1 quicklime/NN/pobj/2 slaked/VBN/ROOT/0	12	1871,1	1876,2	1882,3	1886,2	1890,3	1901,1
slain	thief/NN/nsubjpass/3 detected/VBN/partmod/1 slain/VBN/ROOT/0	13	1845,5	1847,2	1852,1	1854,1	1861,1	1871,1	1890,2
slammed	he/PRP/nsubj/2 slammed/VBD/ROOT/0 into/IN/prep/2 gear/NN/pobj/3	25	1940,1	1952,1	1953,1	1954,1	1955,2	1956,1	1959,1	1960,2	1962,1	1967,1	1976,1	1985,1	1987,3	1988,2	1997,1	1998,1	2002,1	2003,1	2004,1	2008,1
slain	slain/VBN/ccomp/0 in/IN/prep/1 it/PRP/pobj/2 mounted/VBN/ccomp/1	15	1876,5	1883,4	1891,3	1927,3
skulls	round/JJ/amod/2 skulls/NNS/pobj/0 of/IN/prep/2 britain/NNP/pobj/3	14	1890,10	1895,2	1906,2
slain	he/PRP/nsubj/2 slain/VBN/ROOT/0 more/JJR/dobj/2	11	1864,1	1868,1	1888,3	1907,1	1908,3	1915,1	2003,1
skit	skit/NN/dobj/0 which/WDT/ref/3 written/VBN/rcmod/1	10	1913,2	1935,1	1940,1	1941,2	1942,1	1952,1	1966,1	1972,1
skirts	skirts/NNS/dobj/0 ruined/VBN/rcmod/1 in/IN/prep/2 mud/NN/pobj/3	12	1935,1	1939,8	1953,1	1963,2
slammed	slammed/VBD/conj/0 door/NN/dobj/1 in/IN/prep/1 face/NN/pobj/3	996	1832,1	1834,1	1835,1	1841,2	1842,1	1843,1	1844,3	1845,3	1846,4	1847,3	1849,3	1850,1	1851,3	1852,7	1853,1	1856,3	1857,1	1858,2	1859,1	1860,4	1861,2	1862,2	1863,1	1864,7	1865,2	1867,3	1868,3	1869,3	1870,4	1871,2	1872,1	1873,3	1874,3	1875,4	1877,8	1879,4	1880,1	1881,7	1882,4	1883,5	1884,4	1885,4	1886,3	1887,4	1888,4	1889,4	1891,7	1892,3	1893,3	1895,3	1896,8	1898,5	1899,15	1900,8	1901,18	1902,8	1903,3	1904,2	1905,8	1906,1	1907,10	1908,5	1909,9	1910,10	1911,9	1912,3	1913,5	1914,4	1915,9	1916,8	1917,3	1918,6	1919,5	1920,6	1921,4	1922,10	1923,15	1924,11	1925,18	1926,7	1927,1	1928,2	1929,5	1930,4	1931,11	1932,6	1933,5	1934,11	1935,9	1936,13	1937,8	1938,14	1939,7	1940,5	1941,9	1942,11	1943,10	1944,11	1945,10	1946,11	1947,14	1948,6	1949,7	1950,5	1951,11	1952,11	1953,10	1954,7	1955,7	1956,11	1957,7	1958,9	1959,6	1960,5	1961,7	1962,6	1963,3	1964,8	1965,6	1966,3	1967,4	1968,6	1969,6	1970,9	1971,4	1972,8	1973,4	1974,3	1975,6	1976,6	1977,3	1978,3	1979,3	1980,8	1981,13	1982,4	1983,12	1984,2	1985,4	1986,5	1987,11	1988,6	1989,5	1990,5	1991,7	1992,13	1993,8	1994,5	1995,7	1996,9	1997,8	1998,3	1999,9	2000,7	2001,7	2002,8	2003,9	2004,6	2005,12	2006,8	2007,15	2008,16
sky	pale/JJ/amod/2 sky/NN/pobj/0 was/VBD/rcmod/2	15	1882,1	1896,1	1917,1	1919,2	1926,1	1927,1	1935,2	1938,2	1948,1	1950,1	1963,1	1979,1
sl	30/CD/num/3 db/NNP/nn/3 sl/NNP/pobj/0	18	1974,1	1978,2	1979,3	1982,3	1985,1	1986,3	1991,1	1995,1	2003,2	2007,1
slabs	slabs/NNS/nsubj/0 divided/VBN/partmod/1 by/IN/prep/2 inscription/NN/pobj/3	12	1849,8	1850,1	1854,2	2004,1
slammed	door/NN/nsubj/2 slammed/VBD/ROOT/0 and/CC/cc/2 returned/VBD/conj/2	18	1895,1	1900,3	1909,3	1912,2	1926,2	1971,1	1972,1	1982,1	1986,1	1987,1	2002,1	2005,1
skirts	skirts/NNS/pobj/0 of/IN/prep/1 town/NN/pobj/2 came/VBD/rcmod/3	11	1827,1	1828,5	1845,2	1888,3
slain	slain/VBN/rcmod/0 fearful/JJ/amod/3 beast/NN/dobj/1	12	1845,5	1850,1	1855,1	1864,1	1871,1	1872,1	1875,1	1876,1
sky	in/JJ/dep/3 the/JJ/dep/3 sky/NNP/conj/0	22	1834,2	1901,3	1902,3	1913,3	1961,1	1985,1	1987,1	1988,1	1998,1	2007,1	2008,5
slapped	almost/RB/advmod/2 slapped/VBD/ROOT/0 her/PRP/dobj/2	10	1966,1	1970,1	1971,2	1994,1	1999,1	2001,1	2002,1	2004,1	2007,1
slander	slander/NN/conj/0 one/CD/dep/1 another/DT/dep/2	19	1838,1	1881,1	1888,4	1889,1	1890,2	1893,1	1897,1	1909,1	1918,1	1942,1	1950,1	1960,1	1979,1	1990,1	1996,1
skulls	four/CD/num/3 buffalo/NN/nn/3 skulls/NNS/dobj/0	14	1853,1	1859,3	1903,2	1933,1	1950,2	1978,1	1988,1	1992,1	1995,1	2002,1
slabs	slabs/NNS/pobj/0 of/IN/prep/1 considerable/JJ/amod/4 size/NN/pobj/2	14	1820,1	1856,1	1859,1	1890,1	1891,2	1893,1	1898,1	1923,1	1935,2	1940,1	1972,1	1989,1
slain	slain/VBN/ROOT/0 in/IN/prep/1 village/NN/pobj/2 and/CC/cc/1	13	1895,7	1897,1	1899,3	1905,1	1918,1
skirts	skirts/NNS/pobj/0 one/CD/appos/1 above/IN/prep/2 another/DT/pobj/3	23	1846,1	1847,2	1848,1	1849,1	1850,1	1852,1	1853,1	1854,1	1857,1	1862,3	1870,1	1872,1	1882,3	1884,2	1889,2	1891,1
skulls	skulls/NNS/pobj/0 which/WDT/ref/3 brought/VBD/rcmod/1	19	1802,1	1821,1	1842,3	1852,1	1853,1	1880,1	1896,1	1902,1	1903,1	1925,1	1930,1	1935,1	1937,1	1954,1	1966,1	1973,2
slammed	door/NN/nsubj/2 slammed/VBD/ROOT/0 and/CC/cc/2 rushed/VBD/conj/2	18	1914,1	1921,2	1929,1	1938,1	1942,1	1945,1	1953,1	1956,1	1980,1	1981,1	1983,1	1988,1	2000,1	2006,1	2007,3
slapped	been/VBN/advcl/2 slapped/VBD/conj/0 soundly/RB/advmod/2	11	1930,1	1939,8	1953,1	1956,1
slab	slab/NN/nsubj/0 marks/VBZ/rcmod/1 grave/NN/dobj/2	17	1847,1	1849,1	1850,4	1872,1	1893,2	1898,2	1899,1	1911,1	1917,2	1931,1	1960,1
sky	native/JJ/amod/2 sky/NN/pobj/0 and/CC/cc/2 lightning/NN/conj/2	20	1803,1	1835,1	1836,2	1837,1	1838,1	1841,1	1852,1	1855,2	1872,2	1896,2	1897,1	1902,3	1917,1	1942,1
skull	skull/NN/dep/0 neither/RB/advmod/3 long/JJ/amod/1	11	1876,2	1880,5	1894,2	1895,1	1896,1
slapped	he/PRP/nsubjpass/2 slapped/VBN/advcl/0 on/IN/prep/2 back/NN/pobj/3	12	1900,1	1901,1	1907,1	1920,1	1951,1	1953,1	1969,1	1972,2	1977,1	1994,1	2001,1
sky	sky/NN/pobj/0 seen/VBN/ccomp/1 from/IN/prep/2 earth/NNP/pobj/3	13	1905,4	1961,1	1979,1	1983,1	1988,1	1991,1	1994,2	2001,2
sky	sky/NN/pobj/0 moving/VBG/rcmod/1 in/IN/prep/2 view/NN/pobj/3	10	1896,1	1905,2	1912,1	1918,1	1919,1	1926,1	1928,1	1938,1	2007,1
skirts	short/JJ/amod/3 full/JJ/amod/3 skirts/NNS/conj/0	36	1866,1	1873,1	1887,2	1897,1	1916,1	1918,4	1919,1	1920,2	1921,2	1923,5	1924,2	1928,1	1931,1	1938,1	1940,1	1941,1	1942,1	1943,1	1946,1	1948,1	1954,1	1959,1	1960,1	1994,1	1999,1
slaked	who/WP/ref/3 they/PRP/nsubj/3 slaked/VBD/ROOT/0	14	1835,1	1838,1	1839,2	1840,2	1852,1	1866,1	1880,3	1951,1	1965,1	1993,1
slacken	that/IN/compl/3 we/PRP/nsubj/3 slacken/VBP/ROOT/0	39	1868,3	1871,1	1872,1	1874,3	1876,1	1877,1	1883,3	1889,2	1890,4	1891,2	1894,2	1895,1	1897,3	1899,1	1900,2	1908,1	1911,2	1912,1	1926,1	1929,1	1931,1	1965,1	1968,1
slain	slain/VBN/ccomp/0 and/CC/cc/1 moon/NN/nsubj/4 fill'd/VBN/conj/1	14	1800,1	1802,1	1805,1	1812,2	1814,1	1823,4	1903,3	1905,1
slang	french/JJ/amod/2 slang/NN/dobj/0 know/VB/infmod/2	27	1891,2	1908,2	1935,1	1936,1	1944,3	1945,3	1953,1	1957,2	1959,1	1961,3	1962,3	1963,1	1968,1	1972,1	1974,1	1982,1
skulls	skulls/NNS/pobj/0 of/IN/prep/1 fallen/VBN/amod/4 enemies/NNS/pobj/2	12	1834,1	1878,1	1879,1	1880,2	1924,1	1953,2	1954,2	1968,1	1973,1
slain	slain/VBG/ccomp/0 me/PRP/dobj/1 fro/RB/advmod/1	14	1864,1	1869,1	1874,3	1878,1	1885,3	1891,3	1954,1	1974,1
sky	clear/JJ/amod/2 sky/NN/pobj/0 on/IN/prep/2 day/NN/pobj/3	15	1894,1	1918,2	1936,1	1943,2	1966,1	1968,1	1972,2	1976,1	1977,1	1986,1	1989,1	2008,1
sky	sky/NN/pobj/0 of/IN/prep/1 bible/NNP/pobj/2 of/IN/prep/1 prophets/NNS/pobj/4	33	1892,1	1895,5	1898,2	1901,1	1902,3	1903,1	1904,4	1905,1	1910,1	1918,1	1922,1	1927,1	1935,1	1938,1	1945,1	1949,1	1950,1	1964,2	1972,1	1975,1	2005,1	2006,1
slant	slant/VBP/conj/0 fins/NNS/dobj/1 athwart/IN/prep/1 sun/NN/pobj/3	16	1924,1	1925,1	1926,1	1927,2	1929,1	1930,1	1932,1	1934,1	1935,3	1937,3	1938,1
sky	sky/NN/pobj/0 and/CC/cc/1 crisp/JJ/amod/4 snow/NN/conj/1	10	1867,1	1868,3	1894,4	1899,1	1904,1
slapped	slapped/VBD/ccomp/0 her/PRP/dobj/1 on/IN/prep/1 back/NN/pobj/3	18	1918,1	1928,1	1930,4	1933,1	1935,2	1945,2	1946,1	1947,3	1957,1	1981,1	1995,1
slap	slap/VB/dep/0 him/PRP/dobj/1 on/IN/prep/1 back/NN/pobj/3	29	1874,2	1891,1	1893,5	1896,1	1910,2	1913,1	1918,1	1920,2	1944,1	1951,1	1956,1	1957,1	1959,1	1960,1	1964,1	1971,1	1977,2	1978,1	1984,1	1985,1	1998,1
skull	skull/NN/ROOT/0 differing/VBG/partmod/1 from/IN/prep/2 those/DT/pobj/3	10	1912,2	1913,8
sky	black/JJ/amod/2 sky/NN/pobj/0 full/JJ/amod/2	11	1929,3	1948,1	1984,1	1991,1	1992,1	1994,1	1995,1	1998,1	2002,1
slain	where/WRB/ref/3 brother/NN/nsubjpass/3 slain/VBN/rcmod/0	35	1821,1	1841,4	1846,1	1848,3	1855,1	1857,1	1861,3	1870,1	1877,2	1879,3	1894,4	1899,1	1900,1	1901,2	1902,2	1923,2	1989,1	2001,1	2008,1
slaked	slaked/VBN/rcmod/0 at/IN/prep/1 springs/NNS/pobj/2 of/IN/prep/3 learning/NN/pobj/4	24	1877,3	1882,3	1883,2	1885,2	1888,2	1897,2	1898,1	1904,1	1907,1	1915,1	1918,1	1920,2	1935,2	1937,1
slain	when/WRB/compl/3 latter/NN/nsubjpass/3 slain/VBN/ccomp/0	34	1823,1	1827,1	1832,1	1835,2	1839,1	1848,3	1849,2	1856,1	1859,1	1889,3	1892,4	1893,1	1897,1	1905,6	1906,1	1910,1	1931,1	1934,2	1940,1
slabs	slabs/NNS/pobj/0 which/WDT/ref/3 acting/VBG/rcmod/1	10	1892,4	1896,4	1897,2
slanting	slanting/VBG/xcomp/0 to/TO/prep/1 fall/NN/pobj/2 of/IN/prep/3 light/NN/pobj/4	13	1901,4	1921,1	1923,1	1925,7
sky	sky/NN/pobj/0 where/WRB/ref/3 dwell/VBP/rcmod/1	34	1830,1	1857,1	1898,2	1901,6	1910,2	1915,1	1916,6	1918,4	1937,1	1948,2	1955,1	1958,1	1962,1	1964,2	1973,1	2003,1	2006,1
slacken	him/PRP/nsubj/2 slacken/VB/ccomp/0 speed/NN/dobj/2	41	1831,1	1871,4	1874,3	1875,4	1888,1	1897,4	1899,2	1904,1	1905,1	1909,2	1911,1	1912,2	1914,1	1920,1	1928,1	1937,1	1938,1	1941,2	1953,1	1956,2	1963,1	1973,1	1978,1	1988,1	1996,1
slatterns	two/CD/num/2 slatterns/NNS/ROOT/0 and/CC/cc/2 king/NNP/conj/2	51	1921,1	1923,3	1924,1	1925,4	1927,1	1929,3	1930,2	1933,4	1935,1	1936,1	1938,2	1939,1	1940,1	1942,1	1943,1	1944,1	1945,1	1947,1	1948,1	1949,3	1954,1	1957,1	1958,1	1962,2	1966,1	1969,1	1970,1	1973,1	1974,1	1975,1	1979,1	1981,1	1982,2	1987,1	1991,1
sky	cold/JJ/amod/3 leaden/JJ/amod/3 sky/NN/pobj/0	16	1859,5	1860,1	1862,2	1896,1	1915,1	1923,1	1930,1	1933,1	1971,1	1976,1	2008,1
skulls	skulls/NNS/dobj/0 bones/NNS/conj/1 and/CC/cc/1 abundance/NN/conj/1	166	1719,2	1781,1	1784,1	1790,1	1809,1	1810,4	1812,2	1820,2	1831,2	1836,1	1840,4	1845,1	1847,3	1849,1	1850,1	1852,3	1853,1	1854,1	1856,2	1858,1	1859,3	1860,1	1861,5	1862,5	1864,7	1867,1	1868,2	1869,5	1870,1	1871,1	1872,1	1873,4	1874,2	1875,1	1876,4	1880,1	1881,1	1882,1	1883,3	1884,1	1885,1	1888,1	1889,1	1890,1	1891,6	1892,3	1895,7	1896,4	1899,1	1902,2	1903,6	1904,2	1905,1	1906,1	1907,2	1908,3	1910,1	1911,3	1918,1	1920,2	1923,1	1927,2	1929,1	1930,1	1931,1	1932,3	1935,2	1937,1	1941,1	1942,1	1943,1	1945,1	1946,5	1954,1	1960,1	1961,1	1965,1	1966,1	1974,2	1984,1	1985,1	2004,1	2007,1
slain	he/PRP/nsubjpass/3 nearly/RB/advmod/3 slain/VBN/ccomp/0	14	1822,2	1855,2	1857,1	1859,1	1864,2	1879,1	1904,3	1908,1	1926,1
slain	slain/VBN/ccomp/0 mutilated/VBN/conj/1 enslaved/VBN/conj/1 or/CC/cc/1	10	1906,2	1913,3	1915,2	1921,1	1923,1	1975,1
skulls	two/CD/num/3 hundred/CD/number/1 skulls/NNS/dobj/0	11	1867,1	1878,1	1890,7	1894,1	1933,1
slain	slain/VBN/ROOT/0 and/CC/cc/1 number/NN/conj/1 reported/VBN/ccomp/1	44	1819,1	1820,1	1822,1	1829,2	1830,2	1834,3	1836,1	1839,1	1842,3	1844,1	1846,1	1852,3	1860,1	1864,3	1870,2	1871,2	1886,2	1890,2	1893,4	1896,1	1898,2	1912,3	1924,1	2008,1
slain	than/IN/compl/2 slain/VBG/ccomp/0 with/IN/prep/2 hunger/NN/pobj/3	18	1812,3	1862,1	1863,7	1917,1	1921,1	1922,1	1924,1	1933,2	1950,1
slain	he/PRP/nsubj/2 slain/VBN/advcl/0 son/NN/dobj/2	42	1806,2	1810,1	1811,1	1815,2	1818,1	1820,1	1822,1	1824,1	1825,1	1826,2	1829,1	1832,1	1850,1	1854,1	1859,1	1862,1	1867,2	1869,2	1872,1	1874,1	1885,1	1889,1	1891,3	1894,1	1908,1	1915,1	1916,1	1921,1	1922,2	1923,1	1960,1	1961,1	1963,1	1973,1
slammed	he/PRP/nsubj/2 slammed/VBD/ROOT/0 butt/NN/dobj/2	22	1945,3	1959,1	1979,1	1983,1	1984,1	1985,1	1994,2	1995,1	1996,1	1998,1	1999,2	2001,1	2002,2	2003,1	2005,1	2007,2
skulls	ancient/JJ/amod/3 peruvian/JJ/amod/3 skulls/NNS/pobj/0	50	1838,5	1839,1	1857,1	1862,2	1865,3	1868,1	1873,4	1874,2	1876,3	1894,4	1901,1	1903,1	1905,1	1910,4	1912,8	1915,1	1920,1	1925,1	1964,1	1969,1	1982,2	1985,2
slapped	slapped/VBD/ROOT/0 and/CC/cc/1 took/VBD/conj/1 away/RB/advmod/3	16	1922,1	1946,1	1947,4	1952,2	1970,1	1971,1	1989,1	1991,1	1993,1	2004,1	2006,2
slapped	slapped/VBD/ROOT/0 him/PRP/dobj/1 and/CC/cc/1 sent/VBD/conj/1	11	1939,1	1945,1	1959,1	1971,1	1973,1	1995,3	1996,1	1997,1	2000,1
skirts	skirts/NNS/pobj/0 of/IN/prep/1 wild/JJ/amod/4 wood/NN/pobj/2	55	1803,2	1825,1	1846,4	1849,3	1868,2	1869,4	1871,2	1873,2	1876,1	1877,1	1883,2	1893,1	1894,1	1896,1	1900,1	1902,1	1907,1	1911,2	1915,1	1917,1	1919,1	1923,1	1924,1	1927,1	1931,4	1933,1	1936,1	1939,1	1943,1	1951,1	1958,1	1959,1	1972,2	1984,1	1988,1	1989,1	2008,1
slammed	as/IN/compl/3 guard/NN/nsubj/3 slammed/VBD/ccomp/0	12	1935,5	1939,1	1942,3	1944,1	1971,1	2001,1
slab	slab/NN/nsubj/0 opposite/IN/prep/1 court/JJ/dep/4 house/NN/pobj/2	13	1856,4	1857,4	1888,2	1889,1	1894,1	1967,1
sky	boundless/JJ/amod/3 blue/JJ/amod/3 sky/NN/pobj/0	28	1877,5	1878,2	1886,2	1895,1	1899,2	1901,2	1903,2	1913,2	1948,1	1949,2	1961,1	1971,1	1987,1	1993,2	1997,1	2008,1
slash	knife/NN/nsubj/2 slash/VB/ccomp/0 haggis/NN/dobj/2	59	1827,4	1829,2	1832,3	1833,3	1834,3	1836,1	1842,3	1845,1	1846,2	1851,1	1854,1	1855,2	1857,1	1860,1	1864,1	1867,1	1869,1	1871,3	1876,1	1879,3	1885,1	1886,1	1887,1	1892,2	1894,5	1896,2	1903,1	1912,1	1926,1	1928,1	1934,1	1939,1	1940,1	1952,1	1961,1
sky	sky/NN/conj/0 hangs/VBZ/rcmod/1 and/CC/cc/2 marks/VBZ/conj/2	17	1848,3	1890,8	1892,1	1899,1	1904,1	1916,1	1918,1	1921,1
slap	that/IN/compl/2 slap/VB/ccomp/0 on/IN/prep/2 back/NN/pobj/3	18	1876,1	1898,1	1899,1	1909,1	1915,1	1917,2	1937,1	1938,1	1941,1	1948,1	1950,1	1956,1	1959,1	1970,1	1985,1	1987,1	2003,1
slain	slain/VBN/ROOT/0 in/IN/prep/1 mean/JJ/amod/4 time/NN/pobj/2	15	1853,2	1856,3	1877,5	1906,1	1908,1	1920,1	1970,1	1981,1
skull	much/RB/advmod/2 smaller/JJR/amod/3 skull/NN/pobj/0	11	1912,1	1913,4	1925,1	1926,2	1928,1	1937,1	1981,1
slammed	door/NN/nsubj/2 slammed/VBD/advcl/0 open/JJ/acomp/2	22	1921,4	1929,2	1952,1	1953,1	1979,1	1980,2	1984,1	1986,1	1990,1	2000,1	2002,2	2003,2	2004,2	2006,1
slain	priests/NNS/nsubjpass/2 slain/VBN/ROOT/0 and/CC/cc/2 destroyed/VBN/conj/2	14	1888,3	1891,1	1893,1	1894,1	1896,1	1901,2	1902,1	1903,1	1912,1	1919,2
slain	three/CD/num/3 seven/CD/nsubjpass/3 slain/VBN/conj/0	12	1810,1	1811,1	1840,3	1845,1	1849,3	1853,1	1867,2
slain	that/IN/compl/3 monks/NNS/nsubjpass/3 slain/VBN/ccomp/0	11	1814,2	1819,1	1825,1	1893,1	1915,1	1922,1	1930,1	1968,1	1979,1	2000,1
slashed	he/PRP/nsubj/2 slashed/VBD/ROOT/0 and/CC/cc/2 made/VBD/conj/2	18	1910,3	1916,1	1920,1	1925,2	1927,2	1932,1	1938,1	1939,1	1946,1	1955,1	1961,1	1997,1	1999,1	2006,1
sky	cold/JJ/amod/2 sky/NN/pobj/0 and/CC/cc/2 moonlight/NN/conj/2	12	1872,3	1874,3	1877,1	1883,2	1886,1	1891,1	1892,1
slackened	gradually/RB/advmod/2 slackened/VBN/ROOT/0 and/CC/cc/2 discontinued/VBN/conj/2	12	1841,1	1848,2	1880,2	1892,2	1894,2	1897,1	1937,1	2005,1
slain	in/IN/ref/3 officer/NN/nsubjpass/3 slain/VBN/rcmod/0	11	1859,2	1868,1	1890,1	1892,3	1898,1	1917,1	1969,1	1974,1
slain	slain/VBN/conj/0 by/IN/prep/1 wicked/JJ/amod/4 husbandmen/NNS/pobj/2	13	1821,1	1840,5	1842,1	1843,1	1848,1	1855,1	1891,1	1915,2
slain	slain/VBG/ROOT/0 children/NNS/dobj/1 and/CC/cc/1 afterwards/RB/conj/1	17	1876,5	1878,2	1886,1	1894,2	1900,1	1901,1	1904,2	1908,1	1996,1	2008,1
slabs	slabs/NNS/pobj/0 or/CC/cc/1 flagging/JJ/dep/4 stones/NNS/conj/1	19	1864,4	1865,2	1866,2	1868,1	1870,2	1874,4	1877,1	1883,2	1888,1
slates	good/JJ/amod/3 roofing/NN/nn/3 slates/NNS/pobj/0	12	1819,2	1861,5	1869,1	1913,1	1915,2	1979,1
slacken	fire/JJ/dep/2 slacken/NN/dobj/0 from/IN/prep/2	19	1837,1	1848,1	1876,2	1881,1	1895,1	1900,1	1901,3	1902,2	1904,2	1909,1	1910,1	1923,1	1925,1	2002,1
slain	slain/VBN/ROOT/0 nor/CC/cc/1 satan/NNP/nsubj/4 break/VB/conj/1	15	1768,1	1824,1	1851,2	1852,4	1856,1	1857,1	1862,1	1876,1	1882,1	1889,1	1914,1
slain	he/PRP/nsubj/2 slain/VBN/rcmod/0 priest/NN/dobj/2	15	1810,3	1840,4	1845,1	1849,2	1853,1	1867,3	1877,1
sky	yon/WDT/dep/2 sky/NN/appos/0 between/IN/prep/2 walls/NNS/pobj/3	32	1808,1	1854,1	1883,6	1884,1	1888,2	1889,2	1890,1	1895,1	1897,2	1898,1	1899,2	1904,5	1908,1	1910,2	1926,1	1950,1	1969,1	2008,1
slater	c./NNP/dep/2 slater/NNP/ROOT/0 and/CC/cc/2 frank/NNP/conj/2	20	1945,1	1950,2	1953,1	1954,1	1955,3	1956,1	1959,1	1961,3	1966,2	1968,1	1970,2	1972,1	1977,1
sky	sky/NN/pobj/0 for/IN/prep/1 number/NN/pobj/2 of/IN/prep/3 evenings/NNS/pobj/4	11	1889,2	1894,2	1897,2	1898,2	1901,1	1903,1	1919,1
sky	such/PDT/predet/2 sky/NN/dobj/0 over/IN/prep/2 whole/NN/pobj/3	10	1847,10
slackened	he/PRP/nsubj/2 slackened/VBN/ROOT/0 in/IN/prep/2 it/PRP/pobj/3	11	1859,2	1860,1	1861,2	1864,2	1870,1	1873,1	1878,1	1884,1
slammed	she/PRP/nsubj/2 slammed/VBD/ROOT/0 and/CC/cc/2 drove/VBD/conj/2	18	1947,2	1952,1	1956,1	1972,1	1979,1	1980,1	1990,1	1992,1	1993,2	1995,2	2004,1	2006,3	2008,1
slap	and/CC/cc/2 slap/VB/ROOT/0 her/PRP/dobj/2	22	1890,2	1936,1	1941,1	1943,1	1946,1	1947,3	1948,2	1954,2	1959,1	1960,1	1963,1	1970,1	1974,1	1980,1	1985,1	1991,1	1993,1
skirts	skirts/NNS/pobj/0 of/IN/prep/1 frocks/NNS/pobj/2 thrown/VBN/partmod/1	29	1849,1	1853,1	1864,1	1867,1	1868,1	1869,8	1884,3	1886,1	1889,1	1891,2	1894,1	1896,1	1901,2	1902,1	1904,1	1907,1	1908,1	1910,1
slack	slack/VB/xcomp/0 sculpture/NN/nsubj/3 descended/VBD/advcl/1	25	1849,9	1850,5	1851,3	1854,3	1855,1	1858,1	1867,3
slammed	slammed/VBD/ROOT/0 violently/RB/advmod/1 and/CC/cc/1 was/VBD/conj/1	10	1886,1	1893,1	1904,1	1928,1	1932,2	1935,1	1942,1	1947,1	2004,1
slacken	us/PRP/nsubj/2 slacken/VB/xcomp/0 fire/NN/dobj/2	19	1829,1	1831,1	1832,2	1836,3	1885,1	1889,1	1890,1	1891,5	1892,1	1895,1	1912,1	2004,1
slapped	preacher/NN/nsubj/2 slapped/VBD/ROOT/0 expecting/VBG/xcomp/2	17	1888,1	1889,3	1892,5	1893,1	1902,1	1933,1	1936,1	1947,2	1965,1	2008,1
slate	slate/NN/pobj/0 queerest/JJS/amod/3 figgurs/NNS/dep/1	11	1902,1	1903,1	1904,1	1914,2	1915,1	1922,2	1927,1	1977,1	2004,1
slain	i/PRP/nsubj/2 slain/VBG/conj/0 foe/NN/dobj/2	20	1829,1	1835,1	1850,1	1854,1	1865,1	1867,1	1870,1	1874,1	1880,2	1891,2	1896,1	1898,2	1902,3	1903,2
slashed	slashed/VBN/ROOT/0 chaucer/NNP/nsubj/3 calls/VBZ/advcl/1	22	1873,5	1891,1	1893,2	1895,1	1900,2	1904,1	1905,7	1907,2	1941,1
slain	slain/VBN/ROOT/0 lone/NNP/nn/3 wolf/NNP/dobj/1	23	1895,7	1897,2	1899,5	1905,1	1918,1	1922,1	1936,2	1937,3	1948,1
slain	slain/VBN/ROOT/0 before/IN/prep/1 eye/NN/pobj/2 of/IN/prep/3 parent/NN/pobj/4	13	1865,1	1870,1	1871,6	1879,1	1880,2	1881,2
skirts	path/NN/nn/2 skirts/NNS/dep/0 and/CC/cc/2 leads/VBZ/conj/2	13	1843,6	1910,1	1913,1	1937,1	1960,1	1966,1	1982,1	2004,1
slackened	slackened/VBD/ROOT/0 at/IN/prep/1 mines/NNS/pobj/2 and/CC/cc/1 tends/VBZ/conj/1	15	1866,3	1867,1	1873,1	1875,2	1878,1	1883,3	1887,1	1890,1	1892,1	2008,1
skirts	skirts/NNS/pobj/0 of/IN/prep/1 thicket/NN/pobj/2 in/IN/prep/3 evenings/NNS/pobj/4	10	1853,3	1870,3	1877,3	1882,1
slashed	but/CC/cc/3 he/PRP/nsubj/3 slashed/VBD/ROOT/0	20	1906,1	1910,3	1927,2	1934,3	1944,3	1947,2	1961,1	1962,1	1973,1	1981,1	1984,1	2003,1
sky	only/RB/preconj/2 sky/NN/nsubj/0 and/CC/cc/2 god/NNP/conj/2	19	1876,6	1878,2	1884,1	1886,1	1894,2	1900,2	1904,2	1908,1	1961,1	1996,1
slain	slain/RB/conj/0 or/CC/cc/1 made/VBN/conj/1 prisoners/NNS/dobj/1	18	1836,1	1839,2	1844,1	1850,1	1862,1	1870,1	1878,1	1879,2	1882,2	1884,1	1888,2	1891,1	1909,2
sky	sky/NN/pobj/0 other/JJ/amod/3 water/NN/appos/1	21	1895,1	1904,1	1912,1	1915,1	1922,1	1923,2	1925,3	1928,2	1929,1	1947,1	1952,3	1958,1	1987,1	2006,1	2007,1
slapped	slapped/VBD/ROOT/0 on/IN/prep/1 back/NN/pobj/2 and/CC/cc/1 took/VBD/conj/1	10	1940,2	1941,2	1949,1	1952,1	1954,1	1969,1	1980,1	1993,1
slapped	they/PRP/nsubj/2 slapped/VBD/conj/0 me/PRP/dobj/2	19	1836,1	1923,1	1937,1	1943,2	1949,2	1951,2	1953,2	1971,1	1981,1	1982,1	1984,1	1989,1	1998,1	2002,1	2005,1
sky	intense/JJ/amod/3 egyptian/JJ/amod/3 sky/NN/pobj/0	10	1863,1	1864,3	1866,1	1876,1	1887,4
skulls	over/IN/num/3 thousand/CD/number/1 skulls/NNS/pobj/0	11	1892,2	1894,2	1899,3	1910,1	1916,1	1974,1	2003,1
sky	sky/NN/prep/0 overhead/RB/advmod/1 and/CC/cc/1 fields/NNS/conj/1	20	1932,1	1942,3	1944,2	1945,1	1947,1	1949,1	1950,1	1954,1	1955,2	1960,1	1961,2	1967,1	1974,1	1981,1	2004,1
slain	out/IN/dep/3 of/IN/dep/1 slain/VBN/ROOT/0	86	1801,1	1834,1	1848,4	1849,2	1850,3	1855,1	1856,1	1857,7	1859,6	1860,6	1861,1	1862,3	1863,1	1864,1	1865,2	1866,3	1868,1	1869,7	1870,1	1873,1	1874,1	1876,2	1880,1	1881,3	1882,6	1883,2	1884,2	1886,1	1894,2	1896,1	1897,1	1899,2	1900,1	1902,1	1904,2	1905,1	1907,1	1913,1	1924,1	1982,1
slander	slander/NN/dobj/0 excommunicate/VBP/conj/1 and/CC/cc/1 by/IN/prep/1 fathering/VBG/pcomp/4	13	1830,9	1831,4
slackened	in/IN/prep/4 recent/JJ/amod/3 years/NNS/pobj/1 slackened/VBN/ROOT/0	10	1921,1	1935,1	1959,1	1960,1	1975,2	1984,2	1994,1	2002,1
slacked	slacked/VBD/ROOT/0 and/CC/cc/1 reported/VBN/conj/1 retired/VBN/ccomp/3	10	1828,2	1874,1	1883,3	1895,3	1967,1
slabbert	van/NNP/nn/3 zyl/NNP/nn/3 slabbert/NNP/appos/0	19	1982,3	1986,2	1987,2	1988,3	1989,1	1990,1	1991,1	1993,1	1995,1	1996,1	1997,1	2000,2
slackened	assiduities/NNS/nsubj/2 slackened/VBN/ROOT/0 to/TO/prep/2 having/VBG/pcomp/3	15	1824,3	1845,2	1857,2	1859,1	1903,2	1908,1	1930,3	1967,1
sky	blue/JJ/amod/2 sky/NN/conj/0 of/IN/prep/2 eyes/NNS/pobj/3	14	1900,6	1922,2	1933,1	1940,1	1941,1	1947,2	1955,1
slain	wells/NNP/nsubjpass/3 himself/PRP/dep/1 slain/VBN/ROOT/0	12	1807,1	1889,2	1896,3	1898,1	1900,1	1903,1	1904,1	1905,1	1917,1
skulls	skulls/NNS/conj/0 of/IN/prep/1 former/JJ/amod/4 world/NN/pobj/2	10	1878,1	1881,2	1884,2	1898,2	1899,1	1902,1	2008,1
slants	slants/NNS/parataxis/0 with/IN/prep/1 here/RB/pobj/2 head/NN/dep/3	14	1841,2	1842,1	1843,2	1846,1	1848,1	1869,1	1872,1	1888,1	1901,2	1907,1	1923,1
slabs	slabs/NNS/dep/0 of/IN/prep/1 stone/NN/pobj/2 but/CC/cc/1 be/VB/conj/1	14	1853,3	1860,1	1867,1	1873,2	1880,1	1885,2	1887,3	1894,1
slaked	slaked/VBD/rcmod/0 from/IN/prep/1 well/RB/pobj/2 of/IN/prep/3 blood/NN/pobj/4	26	1839,2	1840,1	1855,1	1864,2	1866,1	1875,1	1876,3	1880,3	1885,2	1892,3	1933,3	1936,1	1951,1	1965,1	2006,1
slabs	pre/JJ/dep/2 cast/JJ/dep/3 slabs/NNS/nsubjpass/0	43	1916,4	1927,3	1931,1	1932,2	1936,14	1940,1	1941,2	1942,1	1943,2	1944,1	1946,2	1947,1	1948,1	1959,1	1961,1	1962,3	1965,1	1975,1	2000,1
slain	who/WP/ref/2 slain/VBG/rcmod/0 after/IN/prep/2 death/NN/pobj/3	28	1804,3	1806,1	1810,1	1827,4	1829,1	1840,1	1850,1	1854,1	1857,1	1864,1	1865,1	1866,2	1871,2	1880,2	1894,2	1900,1	1904,1	1960,2
slama	sergeant/NN/dep/2 major/NNP/dep/3 slama/NNP/nsubj/0	12	1933,12
slater	mr./NNP/nn/2 slater/NNP/pobj/0 was/VBD/rcmod/2	10	1833,3	1843,1	1846,1	1866,1	1878,2	1926,1	1970,1
skulking	savages/NNS/nsubj/2 skulking/VBG/ROOT/0 along/IN/prep/2 river/NN/pobj/3	12	1858,2	1864,1	1865,2	1870,1	1872,2	1873,1	1882,1	1892,1	1897,1
